-1927.014001860265
1973.6543515946091
-2417.835657337994
-1580.769520505223
-1368.1772771744472
-577.8060965820381
-417.2258855169869
-1160.156801678
834.3375287684224
-1394.9661685215415
-793.7487250614073
2098.876930828604
1677.0445988989375
-791.7806461318605
-463.26492008641975
-223.3934976245705
-862.0764909765321
-1494.8979854283511
1984.0979305394012
-2266.3137069243817
-469.4572865649349
1033.6102992287283
-351.8729291828615
-2407.20528534626
-477.0092613764698
-14.97217795448924
1848.4447557222545
-87.66970534270668
2475.0875937672677
1809.5566867483947
1390.1422266085794
-1959.6510938276078
-2380.5809364431802
-388.6690800899434
710.3023333803987
-467.5592678638163
2140.0589339564945
-1120.827503700334
-2217.975105980539
1319.0007788718121
387.4108426350659
979.2703906746475
-2459.729394090682
515.3582863871476
1308.4264245863897
622.0915546007982
-362.2206943944101
-117.51697590835941
