-75.04838996222466
-24.91125816587358
-94.41051143844682
-171.18521717416291
-115.58854633772741
-20.795601440807236
-78.59359525827062
-268.19166075386
-143.97673231253012
-137.11103157809558
-114.9628988628288
-50.5987134017431
-49.51826085180003
-70.52878878612194
-104.98196828762464
-166.81691187938065
-26.37697924069909
-73.63909964510951
-106.49387896646202
-163.6787614564484
-149.97104659706403
-165.56887064184625
-53.41798995866735
-46.20224041004789
-30.69083360874497
-80.40836446293642
-141.2290879021957
40.02137600876745
-139.67202776667548
-158.40908059582205
-81.4005650327937
-135.53776964449787
-29.949432514620074
-85.96721670110804
-13.860344042375162
-48.590557717920476
-132.19667601777766
-148.1104919844518
31.243095800644515
-131.47926820739747
-110.48209548873191
-140.1844873276343
-201.0118853487385
-108.6165603250479
-33.22802491527892
-66.89097791870832
-124.12784036201953
-228.86785083164696
116.40547263029744
-241.32057248003014
141.515733297486
70.9829710292931
-159.1779281738185
-124.70877183993696
-161.40986420006166
-45.418411943794396
-54.253214065336095
-59.837120003358926
-97.5676289466894
-135.07856431664894
-25.70993275137517
-74.41740238997747
-145.23687751311738
-123.65415104099039
-95.44948987851025
-121.32401164953455
-65.48690892159344
-34.108848435178665
-51.03224954370089
-92.95752031798078
-184.20193180458404
-49.01380409441514
-51.272698474691204
-210.63305660513666
-119.85485973596117
-101.84203465212248
-124.64105110905876
180.4075540801008
-280.30914268073064
-89.41414023918946
-109.93858771609466
54.247247666822155
-50.078934074189156
-49.60730804911625
71.2686532788018
-88.31824147506771
-79.05632256348837
-93.11461218025394
-78.56593127325866
-21.171851822268426
-62.15133393796823
-109.192829097928
-196.8819835400905
30.640372137396177
-130.4731160211341
-67.8562024691198
-169.58834908067075
-254.13611312100653
-142.9159497525327
-94.62768044359484
-5.519484815600159
77.43139483219004
-164.51415705632104
-114.01103244637228
90.04282510775786
-189.60499979045093
-67.86936202156238
-94.28964187114467
-70.95506487801703
-68.85865064355747
-40.283405780346456
-59.82141605255069
-147.81894755669524
-227.4318754271202
151.8311889467653
-275.22389890533833
175.2847002765501
99.19370530905036
-152.739018724339
-134.51156675843868
-158.33452145844302
-58.355064026545485
-42.253047228196415
-83.155327669195
-104.43829137864022
-231.09899862517562
-7.398712839820452
-92.60061082659631
-40.109768769699535
-220.35292951277472
-263.1316134688384
-214.0774454796103
36.624615976660415
-136.7788359093764
57.365042068996615
-192.47531606272665
-39.99745516802988
-57.986210785849295
-42.21765359642188
-51.0223094948891
-71.49252937884823
-60.910614277016634
-69.06129302527349
-59.89868908201919
-40.005151085915514
-52.96820042070334
-85.6236740890446
-165.98436170823345
13.900882049932651
-113.66087907896579
-155.93887299860904
-109.55596698140447
-163.17186029587654
-81.15022795373868
-56.24795793610552
-44.39511653046958
-25.987402569133057
-74.91066804051435
29.198686574570466
163.10751464834766
-262.7278878865351
-98.46880644604956
34.71915058678627
29.392684619230696
-10.156223851272706
-87.61762340210818
-67.19428425120796
-65.04477912669914
-74.13853892980241
-29.322983371528302
-54.327192147428086
-76.01243281857028
-31.212295245451113
-82.67063524917229
-56.58810428545594
-34.713907928754466
-95.35936858047229
-25.658693246919302
-74.59397931449061
-57.03215480545062
-39.55634921237765
0.8911809623242466
0.9725848186290356
0.819118386244124
0.9806066973272327
0.996564680755341
0.8798935856183587
0.3201980822972035
0.9999424531035339
0.9937777690405378
0.9287514401604304
0.9967117528875653
0.9978416253179663
0.9651372486931746
0.8834070845126694
0.9609579458930901
1.0
